         1    34.000     0.000     1.556
         2    33.000     0.000     1.544
         3    32.000     0.000     1.556
         4    31.000     0.000     1.577
         5    30.000     0.000     1.606
         6    29.000     0.000     1.606
         7    28.000     0.000     1.590
         8    27.000     0.000     1.560
         9    26.000     0.000     1.544
        10    25.000     0.000     1.482
        11    24.000     0.000     1.347
        12    23.000     0.000     1.053
        13    22.000     0.000     0.785
        14    21.000     0.000     0.975
        15    20.000     0.000     0.971
        16    19.000     0.000     1.103
        17    18.000     0.000     1.030
        18    17.000     0.000     0.946
        19    16.000     0.000     0.931
        20    15.000     0.000     0.937
        21    14.000     0.000     1.080
        22    13.000     0.000     1.289
        23    12.000     0.000     1.406
        24    11.000     0.000     1.406
        25    10.000     0.000     1.408
        26     9.000     0.000     1.449
        27     8.000     0.000     1.506
        28     7.000     0.000     1.531
        29     6.000     0.000     1.531
        30     5.000     0.000     1.514
        31     4.000     0.000     1.473
        32     3.000     0.000     1.422
        33     2.000     0.000     1.392
        34     1.000     0.000     1.370